% Model:              FEM_Orange_Cooling_Gui.mph
% Version:            COMSOL 5.4.0.295
% Date:               Jun 9 2019, 14:18
% Dimension:          2
% Nodes:              407
% Expressions:        7
% Description:        Temperature
% Length unit:        m
% 
R                       Z                        T (K) @ t=0              T (K) @ t=43200          T (K) @ t=86400          T (K) @ t=1.296E5        T (K) @ t=1.728E5        T (K) @ t=2.16E5         T (K) @ t=2.592E5
0.01312904820341399       -0.03998697891692359     299.85001252600796       300.069465203097         300.06213724168373       298.8240538827166        275.9507893743648        276.1399497500553        276.1797796394957
0.012654786585278174      -0.0419556049367847      299.8500125024839        300.0608827861465        300.0538472761215        298.6405886822079        275.9586985872777        276.1403651201981        276.1786174233964
0.015550214013472811      -0.0403146953444185      299.85001250280595       300.06169499154936       300.0546255839338        298.6501910791658        275.95781899809185       276.1403014545083        276.1787248606482
0.002188240326480093      -0.04332426032454621     299.85001252472745       300.0678752091367        300.06061514046667       298.80769340138505       275.9525483585526        276.140081283268         276.17957001107385
2.7554552980815448E-18    -0.045                   299.8500124961073        300.0592809987398        300.0523113629901        298.6210484456016        275.9604172336698        276.14048771791306       276.17840520389365
0.0031463185296559805     -0.044817806924030784    299.8500124972018        300.05938141371956       300.0524076465544        298.6222119803806        275.96030947966545       276.1404800250774        276.1784185069916
0.004714393287284708      -0.04299855485148442     299.8500125257709        300.06798809828024       300.0607228158296        298.8083100852164        275.9524146706071        276.14007030845784       276.17958472639026
0.006414151675193339      -0.04423788922735543     299.8500125033163        300.05969505850237       300.05270853268695       298.62618615697085       275.95997516009095       276.1404564326976        276.17846010894834
0.008118338786633176      -0.04212841929598262     299.85001252538893       300.06849744258767       300.06121129911907       298.81457306876194       275.9518695674573        276.1400315825316        276.1796522386905
0.009599353911757999      -0.04327440794408001     299.8500125026057        300.06020508339606       300.053197604316         298.6324138354851        275.95942832404006       276.1404174688687        276.1785276898564
0.010223929171590571      -0.04143236543483548     299.85001252601035       300.06850985557895       300.0612202175816        298.8110164781555        275.9517925392628        276.14001880128274       276.1796526493633
2.571758278177858E-18     -0.042                   299.85001251959415       300.07529253757485       300.06777778943837       298.959085972899         275.94565421527676       276.13971117684287       276.18057340109254
0.015875022211015374      -0.038227801435822946    299.8500125258183        300.07054500446094       300.0631730773495        298.8381939286673        275.94964371935697       276.1398695144548        276.17992293203304
0.018263720081582013      -0.038387487021458874    299.8500125037397        300.06260596633723       300.05549813611174       298.6607055056109        275.9568259321038        276.14022884368865       276.17884522481506
0.018428296827066322      -0.03623343443148882     299.8500125252459        300.07156439038306       300.0641494179726        298.849944335704         275.9485325491257        276.13978827302117       276.1800576146699
0.020780768555604897      -0.036209687596877274    299.8500125054662        300.0635806532914        300.05643123731204       298.6716681123911        275.9557559358366        276.1401497740476        276.1789738467621
0.0030804898154597714     -0.04180493984721585     299.8500125171927        300.0754091956037        300.06788959173315       298.9603663202628        275.9455277781467        276.13970200698395       276.1805888323502
0.006271352835890279      -0.041185533380639384    299.85001251911996       300.07577172493114       300.0682371885844        298.9647439239396        275.9451374075237        276.1396740054745        276.18063684224535
0.011631005565917526      -0.04063700666394486     299.8500125255233        300.0696575569304        300.06232606537225       298.83177030809804       275.95067560456846       276.1399522271659        276.1798069235037
0.012296542680600146      -0.03877532498070328     299.85001252052524       300.07714153636          300.06954997293616       298.9807280131331        275.94365321191344       276.1395664868375        276.180818046422
0.00935734995419736       -0.040164215688975276    299.8500125201776        300.0763608376979        300.06880187820576       298.9716921203742        275.94450067056465       276.1396280562609        276.1807148064729
0.020821507280471843      -0.034068335487721944    299.850012524962         300.0722485791076        300.0648011163859        298.8539386823397        275.9477155693293        276.13972053690384       276.18014659893424
0.02309276951418773       -0.03381511668039651     299.85001250397073       300.06458867953216       300.05739563122324       298.68250612849226       275.95463999265223       276.1400662614269        276.17910666339395
0.014512156781678161      -0.03908028203322894     299.85001252565957       300.07031754598813       300.0629570346092        298.8377553085323        275.9499296845799        276.1398947027029        276.17989362009575
0.015057919599899277      -0.03705945625567813     299.85001252003406       300.07806913359553       300.0704384646717        298.99122338431664       275.94264059875724       276.1394922782262        276.1809405896141
0.017200491308961643      -0.03722673148165776     299.85001252619446       300.07112889443          300.0637329651473        298.84566344603996       275.9490202338381        276.1398253908787        276.1800003335079
0.017620847783065684      -0.035058880384806465    299.8500125193879        300.07910092807043       300.07142630641107       299.0026124464216        275.94150738882854       276.1394084660993        276.18107674876404
0.019594318810347         -0.035145907835446535    299.8500125263453        300.07223165614454       300.06478952527317       298.85894939489157       275.9478267821052        276.1397391069624        276.1801461938509
0.019973289355290785      -0.03281427740051852     299.8500125193374        300.08019300122174       300.07247134391423       299.0143878252115        275.9403003303508        276.13931834612515       276.18122069497656
0.021956205185997366      -0.032716503811721906    299.85001252608737       300.07328608789356       300.0657979135202        298.8698308603106        275.94665073655415       276.1396501331709        276.1802849568612
0.022109629629251337      -0.03036287350833478     299.85001252024307       300.08130871768265       300.0735384907751        299.026175768296         275.93905969559404       276.13922490373477       276.1813675928141
0.023078649505003636      -0.03150720242623797     299.85001252552723       300.073408000986         300.0659105470312        298.8667975816192        275.94643667846674       276.139625355981         276.1802994510141
0.025195574060948654      -0.03123473565710082     299.8500125029371        300.06559824697985       300.05836095058436       298.6930611617323        275.95351407618614       276.13998109655967       276.17923950298143
0.024016380259831528      -0.030093775741479766    299.8500125258334        300.07462883436335       300.0670842816157        298.88652620687174       275.9452015317898        276.139545823817         276.1804625980498
0.024028652026852865      -0.02773768954571595     299.8500125203517        300.0824112727645        300.07459247470194       299.03750447303594       275.93782539450535       276.13913103059076       276.1815125738587
0.025022178089904593      -0.02899792511127116     299.85001252556947       300.0741220157831        300.06659007283446       298.8709376316671        275.9455783125574        276.1395536125926        276.1803921638312
0.027088130134814543      -0.02849629036714647     299.85001250257733       300.06658233615303       300.0593013664395        298.70306317787265       275.9524085343836        276.13989659919685       276.17936881393064
0.025852943766780063      -0.027455835977240075    299.8500125252949        300.0754973095396        300.06791268379914       298.8937190809905        275.94419593437686       276.139465698314         276.1805761212853
0.025731900838686945      -0.02496750639421324     299.85001252066047       300.0834705847024        300.0756045856822        299.04812480798836       275.93663204984443       276.1390394645459        276.18165170110217
0.026870942954206417      -0.026003229058168115    299.85001252572346       300.07536752658365       300.06778167384607       298.88518440885593       275.94420687904136       276.13945183036674       276.1805563723533
0.02877139436214143       -0.02562434914379371     299.8500125028888        300.0675176608356        300.0601946822554        298.7123273778214        275.95135054365636       276.1398149576484        276.17949155715485
0.02787314277792542       -0.02401432720159434     299.85001252501615       300.07637590368523       300.06874844963835       298.8989777413594        275.9431377142626        276.13937706368733       276.18069012865425
0.027222468431473447      -0.022077218064472694    299.8500125201995        300.0844590279846        300.0765484931663        299.05778897513835       275.9355116914213        276.1389527616472        276.18178136655877
0.03024750619885854       -0.02264056224005804     299.85001250380407       300.06838424246547       300.061021907098         298.72071345969766       275.95036410460244       276.13973817522793       276.1796051410673
0.029360635730106784      -0.02083963628701603     299.8500125250934        300.07726599818506       300.0695973616935        298.9068477412275        275.94211066695334       276.1392956293799        276.1808065125001
0.02850414763324129       -0.01908835166698036     299.8500125197675        300.08535610226403       300.0774047411577        299.06635637416275       275.93448929764145       276.1388730415357        276.1818989195062
0.031519188621302735      -0.019564023959566395    299.85001250548714       300.06916624034886       300.06176804318875       298.72814812731355       275.94946915790126       276.13966800832907       276.1797075306259
0.030496863515118135      -0.017860920811411544    299.85001252579417       300.07806635781054       300.07036131827726       298.91475388132716       275.9412007629246        276.1392249355517        276.1809114254725
0.029580863384267263      -0.016019626872656637    299.8500125198639        300.08614401253885       300.07815650369645       299.0737907139462        275.93358755967813       276.13880233367144       276.18200208072614
0.0325893272732073        -0.01641166557371069     299.85001250426694       300.06985159034946       300.06242159636133       298.7343853626895        275.94867972076554       276.1396055662681        276.1797971505237
0.03150822806263398       -0.014625410196365946    299.8500125259512        300.0787375970195        300.0710010637265        298.920583792795         275.9404211040638        276.13916258387957       276.1809990689898
0.030456303703061578      -0.012887491218076082    299.8500125202757        300.08680767977637       300.0787894969258        299.0799486365955        275.93282484343285       276.13874219321747       276.1820889036853
0.033460682439276176      -0.01319864030298475     299.850012503166         300.07042685167727       300.06296994176023       298.73950494005453       275.94801390333424       276.13955256758084       276.17987230323706
0.03228251873309554       -0.011429752161111976    299.8500125258956        300.0792920967594        300.0715296438793        298.92558797261387       275.9397798051578        276.13911159227285       276.18107151932037
0.031133686639105016      -0.009706605818853143    299.8500125205533        300.0873348550162        300.07929214507925       299.0847747449274        275.932216868982         276.13869403165927       276.1821578215092
0.03413569064010434       -0.009938714845646296    299.8500125027946        300.07088255148915       300.0634041861238        298.74351841939085       275.9474846360532        276.13951024902474       276.1799317949425
0.032915368861561926      -0.007840051702953413    299.8500125257228        300.079734334133         300.0719508486332        298.92930840354626       275.9392624032868        276.1390698265685        276.181129176265
0.031615617078426764      -0.006490276900534837    299.8500125204352        300.08771673170077       300.0796561573792        299.08822406430545       275.9317751800625        276.1386589079466        276.1822077148741
0.034616366379831516      -0.00664444139517048     299.8500125029336        300.0712120327228        300.06371809097027       298.746421267265         275.94710115346396       276.1394795052115        276.1799747900108
0.03319110415211885       -0.005510676530527299    299.850012525118         300.0799594937039        300.0721655855794        298.93146184390633       275.93900444565713       276.13904957401377       276.18115864105306
0.03190400154718819       -0.003250838958519832    299.85001252015957       300.0879480743191        300.0798766299375        299.0902739487335        275.9315069297761        276.13863750462014       276.182237925356
0.034904166893585886      -0.0033277736954579334   299.8500125038837        300.0714110823088        300.063907731935         298.74823589445054       275.9468696764743        276.1394609724376        276.18000076770323
0.03343684080060211       -0.0016442185233259935   299.85001252529287       300.0801481609635        300.0723454114091        298.93324374457706       275.9387864087508        276.13903226019585       276.1811832917779
0.032                     -6.123233995384609E-19   299.85001251660333       300.08802574386533       300.0799505835207        299.09084980467793       275.93141588721477       276.1386301309039        276.1822480461873
0.035                     -6.123233995736764E-19   299.850012498348         300.07147633799303       300.06396979697064       298.74866344686205       275.9467922200352        276.13945459742575       276.18000924930493
0.03341967568960091       0.0021976315139411316    299.8500125247767        300.080125831938         300.0723240199059        298.93292930080753       275.9388102554921        276.1390339460477        276.1811803342556
0.03190400114949114       0.003250845682094775     299.85001252058623       300.0879482990185        300.07987685031276       299.09028897562763       275.93150680102303       276.138637508604         276.18223795727494
0.034904167343027204      0.003327765902794338     299.85001250394816       300.07141126482804       300.0639079083413        298.7482419519063        275.9468695220339        276.13946096616445       276.1800007926211
0.03329020995548618       0.004409545984816547     299.8500125251653        300.08002360264567       300.0722265623421        298.93195007547956       275.9389280320774        276.13904326003427       276.1811669699529
0.031615617122366324      0.006490276531818203     299.8500125204211        300.08771662848324       300.0796560570847        299.08821732977157       275.93177523909486       276.13865890606365       276.182207700318
0.03461636631053075       0.0066444419919995555    299.8500125030141        300.0712119471569        300.0637180092781        298.7464209062597        275.9471012467745        276.13947951200765       276.17997477873615
0.03285859335814134       0.00819361701450685      299.8500125254099        300.0797264550217        300.07194371825176       298.92957553524315       275.9392784401329        276.1390718327105        276.1811282878238
0.03113368233450431       0.009706629603356722     299.85001252070015       300.08733500522976       300.0792922889831        299.0847761859588        275.9322167029343        276.1386940191121        276.18215784131473
0.034135695721871605      0.009938685993187082     299.8500125028032        300.07088257207374       300.0634042061972        298.7435188221417        275.9474846152933        276.1395102475728        276.1799317977245
0.03228042956616522       0.011430761159495113     299.85001252588677       300.0793020615647        300.0715392695383        298.925797926779         275.93977060771005       276.1391111070133        276.18107286858157
0.030456304750523966      0.012887486953793761     299.85001252023187       300.08680758401033       300.07878940670327       299.07995088245895       275.9328249766067        276.13874220609927       276.1820888916129
0.03346068187719858       0.013198642658526332     299.85001250319806       300.0704268301949        300.0629699217702        298.73950491173355       275.9480139296508        276.13955256965824       276.1798723005037
0.03150718649986255       0.014626440418018301     299.85001252595526       300.07874127969194       300.0710046231541        298.92066102540053       275.9404177264518        276.13916240831804       276.18099956817167
0.029580864606744223      0.01601962298401592      299.85001251974285       300.0861439672278        300.0781564558707        299.0737752766325        275.93358747864096       276.1388023123743        276.18200207237686
0.03258932681285399       0.016411667084844508     299.8500125042336        300.0698515552373        300.062421562348         298.7343826157776        275.9486797358803        276.13960556449445       276.17979714551075
0.03052420523264073       0.017815775350010058     299.85001252571277       300.07801731189056       300.07031381538303       298.91360167010083       275.94124368783747       276.139226888387         276.1809047370488
0.02850414899613406       0.01908834816107658      299.8500125199394        300.0853561863305        300.07740482829155       299.0663755720084        275.93448937209854       276.13887306584945       276.18189893371493
0.0315191883635111        0.01956402464612024      299.85001250548805       300.06916627637247       300.0617680780938        298.7281510232238        275.9494691414612        276.13966800942444       276.17970753573616
0.029358618666996725      0.02084317084668285      299.85001252507277       300.0772677003626        300.06959901898836       298.9069006935888        275.94210936588365       276.13929559635193       276.1808067482605
0.027222469899565824      0.022077214946048387     299.8500125201855        300.0844591683489        300.076548626713         299.0577864160248        275.9355115150732        276.1389527455453        276.1817813846452
0.030247506245462318      0.022640562137135015     299.8500125038416        300.0683842860731        300.0610219495814        298.7207162927298        275.95036408273563       276.13973817618046       276.1796051472528
0.027873143683994295      0.02401432547138146      299.85001252503724       300.07637586169665       300.06874840836906       298.8989736464704        275.9431377288573        276.1393770607511        276.1806901225264
0.025731902375720206      0.024967503665369765     299.85001252033055       300.0834701572723        300.0756041730154        299.04811691924925       275.9366324539944        276.1390394867731        276.18165164338063
0.028771394817156182      0.02562434829924929      299.85001250281294       300.06751758300754       300.0601946066269        298.71232398801914       275.95135060188          276.13981495846565       276.1794915463577
0.025919925080594892      0.027299518775267234     299.85001252543265       300.07569141887524       300.0680996067344        298.89719655078864       275.944005630715         276.1394541814476        276.1806021811736
0.0240286535950991        0.027737687205413253     299.8500125205906        300.08241166419          300.07459285218664       299.03751335550766       275.93782502798956       276.1391310101201        276.181512626688
0.02685830662082679       0.02605534392609078      299.85001252565655       300.07527009927173       300.0676877442211        298.8833190179509        275.944300233522         276.13945720892434       276.18054324945973
0.027088131104249614      0.02849628884380107      299.8500125025747        300.0665823844186        300.0593014127619        298.7030640696986        275.95240848510014       276.13989659553664       276.1793688203478
0.024063824768141114      0.03009424533387287      299.85001252565786       300.0744307021243        300.06689283875266       298.8823031084754        275.9453832495673        276.1395552542785        276.1804357480124
0.022109631189125126      0.030362871551623663     299.8500125199863        300.0813083952438        300.07353817911047       299.0261670125599        275.93905997845786       276.1392249161347        276.18136754891526
0.025083856296520726      0.028808069262871938     299.850012525831         300.0744880782825        300.06694300727304       298.87794719303923       275.94522768420353       276.1395334257501        276.18044147373314
0.02519557565205442       0.031234733535447423     299.85001250294846       300.06559826878834       300.0583609713902        298.6930604429361        275.95351404491396       276.13998109293607       276.17923950572975
0.021927097765649297      0.03276038740078046      299.8500125260734        300.0732295849898        300.0657434999816        298.8688240718865        275.9467061657232        276.13965349150567       276.1802773712574
0.019973290865079173      0.03281427581744355      299.8500125191543        300.08019323650404       300.07247156823263       299.0143876889326        275.94030007778736       276.1393183272975        276.1812207259472
0.023100708434479186      0.031473154469903446     299.8500125255534        300.0734438419182        300.06594503517243       298.86740627568986       275.94640100006785       276.13962312855534       276.180304252226
0.023092771833851444      0.03381511406173639      299.85001250388086       300.0645885873276        300.05739554177154       298.68250385747024       275.9546400742963        276.1400662647821        276.17910665079506
0.019742711394396484      0.03504787430791547      299.85001252623067       300.07212255708316       300.0646836543775        298.85610424841525       275.94791760759335       276.1397425850237        276.18013122749693
0.01762084919891882       0.03505887915893308      299.85001251966463       300.0791009636903        300.0714263440975        299.0026205131654        275.9415074189229        276.1394084757881        276.18107675483844
0.020885796048434956      0.0339198210061951       299.85001252517253       300.0726044351819        300.06514437312495       298.8608952539077        275.9473776500309        276.13970145601246       276.1801945939186
0.020780771707527415      0.036209684606669616     299.85001250551846       300.06358073224783       300.05643131372483       298.67167108561074       275.95575587587155       276.1401497721136        276.17897385762336
0.017265598997662324      0.03719736489363346      299.8500125260859        300.071058718619         300.06366500602826       298.8439847543836        275.94908142616123       276.1398281419369        276.1799907616519
0.015057920876305426      0.03705945536226267      299.85001252002127       300.0780692154763        300.07043854293426       298.99122256825285       275.9426405036652        276.1394922699481        276.1809406003014
0.018512260686115854      0.03608813042802175      299.85001252554076       300.07191090988766       300.06448368269054       298.856719968912         275.94820360302054       276.139769712586         276.1801043536199
0.01826372416182658       0.03838748381242161      299.850012503769         300.06260599956715       300.05549816851806       298.6607074196116        275.9568259132421        276.1402288437507        276.1788452294917
0.014545385379326717      0.03907268863067211      299.85001252559          300.0702662349842        300.0629074018156        298.83659104659057       275.9499755828639        276.13989692847724       276.1798866441447
0.01229654377163943       0.038775324384675354     299.8500125203397        300.0771412723963        300.06954971695154       298.98072244456097       275.9436534384257        276.1395664959447        276.1808180103124
0.015998822162924694      0.03812995658621387      299.8500125259745        300.07063866464244       300.06326317187126       298.8397241529553        275.9495495296004        276.1398635172118        276.1799354620056
0.015550219104055506      0.04031469209856052      299.8500125027672        300.0616949810015        300.05462557330367       298.6501899582332        275.9578189977901        276.14030145257664       276.17872485900614
0.01168483097529464       0.040628710562193755     299.8500125254749        300.06958440809143       300.0622553176242        298.83011880445787       275.9507411863032        276.13995542821516       276.17979698171393
0.00935735081585758       0.040164215343156735     299.8500125199405        300.0763607231875        300.06880176605904       298.9716880708605        275.9445007521933        276.13962805671474       276.1807147904321
0.001556144528633621      0.043390795180406616     299.8500125173919        300.067739850576         300.0604845447725        298.80504236551775       275.9526769871136        276.1400885548287        276.1795517526229
1.5308084989341922E-18    0.045                    299.85001249623974       300.05928098156477       300.05231134761436       298.62105093282486       275.96041728249804       276.14048772436126       276.1784052021396
1.3471114791009362E-18    0.042                    299.85001251992          300.0752922155371        300.0677774824223        298.9590889783548        275.94565458722735       276.1397112062654        276.1805733589994
0.003080490111982116      0.041804939809575975     299.8500125176897        300.075408984944         300.06788939339486       298.96037257470806       275.945528065357         276.1397020343254        276.1805888057123
0.013209505770913047      0.03993033598761585      299.8500125261353        300.0695460368792        300.0622151258985        298.82552048055953       275.9507106864079        276.1399450571279        276.1797905046755
0.012654792745747833      0.041955601865163034     299.8500125024026        300.0608827440734        300.0538472343165        298.6405854628092        275.95869860131165       276.1403651170065        276.17861741719287
0.007902706673514634      0.04220504722879424      299.8500125254157        300.0684202884667        300.06113705661556       298.8133050736099        275.95194679061666       276.1400364543934        276.17964190874096
0.006271353429496788      0.041185533224930355     299.8500125192366        300.0757720738533        300.0682375270381        298.96475364228723       275.94513711908235       276.1396739941174        276.1806368900934
0.0031463031805465283     0.04481780870527365      299.850012497251         300.0593813848998        300.05240761982975       298.6222142927466        275.9603095404062        276.1404800322865        276.17841850366693
0.005363002682189776      0.04285024323938727      299.8500125257492        300.068168992396         300.0608970437288        298.81148308277847       275.95223693121983       276.1400595006381        276.17960901063225
0.010222786224214948      0.04141715046933241      299.8500125261159        300.06858823295613       300.0612959170913        298.8126591205497        275.9517200718362        276.1400149620012        276.1796632588697
0.00959936116933017       0.04327440528279523      299.8500125026007        300.0602050546791        300.0531975764593        298.6324136562401        275.9594283507978        276.14041746975244       276.1785276859352
0.0064141600154088135     0.04423788722836216      299.8500125034135        300.05969528395025       300.0527087514045        298.6261932902181        275.9599749798803        276.1404564263484        276.17846013994443
0.0020109436614836355     -0.03985232421919399     299.85001252265005       300.08047984551666       300.0727839105726        299.05800794663537       275.9407441888048        276.1394358132504        276.18127353338866
2.383294448637175E-18     -0.03892215208983549     299.85001252286247       300.0828732973532        300.07509346299287       299.1020588104473        275.9384618359609        276.1393056117237        276.18159631189366
0.012276397369452283      -0.035614937816402785    299.85001252325134       300.0843245887732        300.07647914432073       299.11353821366544       275.93678549105874       276.1391724308735        276.18178624460774
0.009644628730230443      -0.037033423854830404    299.8500125233393        300.083503150298         300.0756924421233        299.10450559917814       275.93768590441044       276.13923883430283       276.1816777888843
0.004209397286873126      -0.03934102767114439     299.8500125221738        300.0811621511153        300.07344103066254       299.0692729560214        275.9400685599862        276.13939406109785       276.18136505276806
0.006916661226944763      -0.03814449953946846     299.8500125227343        300.08277448823713       300.07499378208104       299.0957325983314        275.93846961882963       276.1392949555548        276.1815812786508
0.0022428032084183314     -0.03732136870049509     299.8500125228348        300.0863884085359        300.0784833945499        299.1631828030543        275.9350566234134        276.13910449053725       276.18206939108865
2.184691645791615E-18     -0.035678722180349176    299.8500125228338        300.0902456604152        300.082203045347         299.2281424853205        275.9312963924117        276.1388793973742        276.1825881688214
0.014707156393885866      -0.03386644530048696     299.85001252258604       300.0853925668426        300.0775024531494        299.1258906813992        275.935625943253         276.13908815883946       276.1819274625613
0.016935439423344405      -0.031870529317637314    299.8500125227384        300.08656251844064       300.07862314074123       299.139342229548         275.93435139258094       276.13899505229125       276.1820820656645
0.01895948024683067       -0.02970411367698519     299.8500125234755        300.0877153883721        300.0797266397839        299.15206476624275       275.9330823394079        276.13890088059355       276.1822341313942
0.02082655430555849       -0.02734844879394351     299.85001252301896       300.08883762727606       300.0807998636217        299.1636278836531        275.931830494178         276.1388061515209        276.1823818141813
0.002507528513781242      -0.03416041537773075     299.8500125228639        300.0932268554007        300.0850758269167        299.27503895963497       275.92833670499084       276.138695493477         276.18298814273356
1.986083314356014E-18     -0.03243520198213562     299.8500125228424        300.09698608888186       300.08869868553796       299.33294541120824       275.9245939381339        276.13846159680804       276.1834924011382
0.022510303577118352      -0.024837933175748218    299.8500125233458        300.0899116028182        300.08182623146644       299.17435882652967       275.9306223937206        276.1387136349903        276.18252292207757
0.002615638944473923      -0.030965328086676278    299.8500125228475        300.09955660616265       300.0911737758651        299.36996232757525       275.92198710475526       276.1382928258021        276.18383629395765
1.787474982920413E-18     -0.02919168178392207     299.85001252283155       300.10309199442065       300.094578668076         299.4201792032043        275.9184001697242        276.13806038096027       276.18430934385407
0.02398857748118323       -0.02220050641228822     299.8500125233085        300.0909452301758        300.08281370767924       299.1845532243379        275.9294555221143        276.13862382861447       276.1826586309298
0.0026508870410669634     -0.02767559879516504     299.8500125228466        300.1054452053567        300.0968426254249        299.45131611495555       275.915966481245         276.1378970861678        276.18462329229254
1.5888666514848124E-18    -0.025948161585708514    299.8500125228471        300.1085617274384        300.09984203523          299.49239301123833       275.91275058432507       276.13768212931376       276.18503931101986
0.025258657433256112      -0.019441596525552517    299.85001252301026       300.09194895192644       300.08377265687335       299.1946404325759        275.92832489830204       276.13853708639357       276.18279045223056
0.0026512793217481727     -0.024365640207997488    299.8500125228466        300.1107161279563        300.1019129082633        299.51872571695964       275.9104826304078        276.13752519989436       276.18532597212294
1.3902583200492113E-18    -0.02270464138749496     299.8500125228444        300.1133936003642        300.10448794310264       299.5517207738737        275.90767849560007       276.1373328176892        276.1856825995255
0.02636758176575364       -0.01659341914942038     299.8500125232504        300.0927924167617        300.0845776166325        299.2025690768587        275.92736096248797       276.13846163942617       276.1829009299208
0.002629989132930794      -0.021111595072272542    299.85001252284655       300.1152540610219        300.1062747338564        299.57302097696623       275.90569111954295       276.1371919157223        276.18592956849494
1.1916499886136105E-18    -0.019461121189281408    299.8500125228465        300.11758555879896       300.10851557127484       299.60023160516687       275.9032203363708        276.13701897061594       276.18623954092953
0.027283043518224914      -0.013678307011885313    299.85001252311525       300.09352290452404       300.08527452846243       299.20928439242476       275.9265227761501        276.1383956770648        276.1829965356629
0.002619024335215865      -0.017874548767157963    299.8500125228466        300.11912644545185       300.10999401813416       299.61671324125933       275.90154980823803       276.1368976943241        276.18644357909847
9.930416571780097E-19     -0.016217600991067855    299.8500125228461        300.12113633867466       300.1119244948783        299.6389754100011        275.8993964123962        276.13674421701165       276.1867103209562
0.028011630027262053      -0.010707017810646256    299.85001252318517       300.0941256426094        300.08584940824727       299.2147874418375        275.92582932435135       276.13834091182247       276.1830753773939
0.0026196314397042893     -0.014638136285364726    299.85001252284655       300.1223561252718        300.11309383270503       299.65135683893345       275.8980584874907        276.1366453192468        276.1868715034325
7.944333257424087E-19     -0.012974080792854299    299.8500125228465        300.12404380278457       300.1147141136995        299.66944110353063       275.89623811560415       276.13651415495127       276.1870952292592
0.028556898578166942      -0.007690399114389988    299.85001252315334       300.0945881477091        300.0862904259098        299.21895481958495       275.9252957135025        276.13829861263724       276.18313584171784
0.00263236764133552       -0.011394191776701701    299.85001252284655       300.12494755300395       300.1155795257928        299.6780501974677        275.8952329534946        276.1364382941751        276.187214343281
5.958249943068079E-19     -0.009730560594640746    299.8500125228464        300.12630700419413       300.11688420321235       299.69218445426685       275.8937582405093        276.1363310606975        276.18739438454116
0.028920826092078387      -0.004638726256022717    299.8500125228697        300.09490155544205       300.086589208794         299.221742880201         275.92493328224197       276.13826979428785       276.18317679476917
0.0026542119813089686     -0.00814110995838793     299.8500125228466        300.1268963540324        300.11744782900274       299.69745521105057       275.8930931481851        276.1362798073908        276.1874718404252
3.9721666287120694E-19    -0.006487040396427192    299.8500125228464        300.1279243466179        300.11843441259674       299.7080621664219        275.89197743779187       276.1361986014294        276.1876079781847
0.029105036964451908      -0.0015652437977390903   299.85001252303414       300.09505705004716       300.08673739334614       299.2230966294594        275.924752594244         276.13825533586646       276.1831970948087
0.0026767851872233467     -0.004884750940243247    299.8500125228465        300.12819594976787       300.118693280547         299.7101140644417        275.8916595732801        276.1361728804349        276.1876434103738
1.9860833143560605E-19    -0.003243520198213638    299.85001252284655       300.12889519501215       300.1193646231769        299.71738691713426       275.8909036371206        276.13611818448237       276.18773608517404
0.029115941126825796      0.0015121247823009368    299.8500125235359        300.09503600513654       300.0867171005943        299.22279973414237       275.92477346338404       276.1382566317606        276.18319426948216
0.002687303871964589      -0.0016277548377404477   299.8500125228465        300.12884619234643       300.1193162696159        299.71634474956585       275.8909399343332        276.13611893775584       276.18772920182045
0                         0                        299.8500125228463        300.12921886942274       300.11967470144583       299.72046145793075       275.890544906089         276.13609123617994       276.18777877933087
0.02894140906008756       0.004584741820646974     299.8500125230412        300.09486906840726       300.08655781095143       299.2211329541842        275.92496359389446       276.13827143914176       276.18317239844095
0.0026784484200460122     0.0016257331777964111    299.85001252284655       300.12884830912475       300.11931830838597       299.7163698814168        275.8909377320652        276.13611878814027       276.1877294843382
1.0403293551388637E-19    0.0032435201982135608    299.8500125228465        300.128895198198         300.11936462452235       299.71738372800013       275.8909035835437        276.13611817469103       276.1877360847054
0.028582998792701042      0.007636255482157221     299.85001252336673       300.094553815901         300.0862572168746        299.21830237253744       275.9253273838594        276.1383002840544        276.18313118733437
0.002660329086718699      0.004873410256810937     299.85001252284655       300.1282028962656        300.1186999534032        299.710187573557         275.89165210527244       276.13617234469007       276.1876443320339
2.0806587102777274E-19    0.0064870403964271215    299.8500125228463        300.1279243529641        300.11843441487486       299.70805594016485       275.8919773300414        276.13619858172814       276.1876079771864
0.02803908950160995       0.010655055339946611     299.8500125233555        300.09409793235824       300.0858225567644        299.21420723796285       275.9258539388304        276.1383420849952        276.1830716019485
0.0026440372784124234     0.00811596793588489      299.85001252284655       300.1269110913026        300.1174619692102        299.69760785658286       275.8930771266093        276.1362786384064        276.18747379129036
3.120988065416591E-19     0.009730560594640683     299.8500125228465        300.12630701081747       300.11688420651154       299.69217853405746       275.8937581406145        276.13633104245287       276.1873943837813
0.027308945365466002      0.013629923177591633     299.8500125231133        300.09350677846993       300.0852588336383        299.2088743312848        275.92653577914825       276.1383961144966        276.1829943120992
0.002634571941378425      0.011358456946291824     299.85001252284655       300.12497207310895       300.1156030368533        299.6782982666828        275.89520610183445       276.1364363133144        276.18721758457565
4.161317420555455E-19     0.012974080792854243     299.8500125228465        300.12404381013505       300.11471411790774       299.66943440408136       275.8962380068555        276.13651413506705       276.18709522851134
0.026388627926450442      0.016547697652370186     299.8500125233622        300.09279368948677       300.0845787162303        299.2024876285581        275.92735746210377       276.13846114651955       276.1829010546467
0.002628275317238417      0.014605790246960612     299.8500125228466        300.1223833477445        300.11311994464535       299.651638856177         275.89802882000964       276.13664314706415       276.1868751051015
5.201646775694318E-19     0.016217600991067803     299.8500125228461        300.12113634242087       300.1119245001928        299.6389754453989        275.8993964214773        276.13674421873446       276.1867103218299
0.025274679213260338      0.019392803926934793     299.8500125230185        300.0919743946102        300.08379704915023       299.19496944751876       275.9282977667718        276.1385351702538        276.18279382484474
0.00261700457116318       0.017859274070128356     299.8500125228466        300.1191436221548        300.1100105100361        299.61690107106284       275.9015313292766        276.1368963682034        276.186445856888
6.241976130833182E-19     0.019461121189281366     299.8500125228465        300.1175855617466        300.1085155769607        299.6002343114584        275.90322038616          276.13701897984294       276.18623954237165
0.023970562556257364      0.02215135647808199      299.85001252255          300.09104629828704       300.0829110996737        299.1862215560031        275.92935623480207       276.138617788134         276.18267220477077
0.002586821149746526      0.02111980123788996      299.8500125228465        300.1152525048255        300.10627327928796       299.57302858794355       275.9056934011448        276.137192147914         276.18592937525176
7.282305485972045E-19     0.022704641387494923     299.85001252284474       300.11339360520935       300.10448794844024       299.55172497457437       275.90767854463274       276.13733282692914       276.18568260096004
0.022482935833465344      0.02480925561333897      299.8500125232226        300.09000452713855       300.0819158533314        299.1759831116005        275.93053256996285       276.13870835336417       276.1825354316895
0.002537046159531755      0.024345444817222936     299.85001252284684       300.11077010854757       300.10196489989545       299.5194459111765        275.9104273543335        276.1375215540954        276.1853331885804
8.322634841110908E-19     0.025948161585708483     299.8500125228471        300.1085617248031        300.09984203674503       299.4924068334971        275.9127507821951        276.13768216525017       276.18503931377336
0.020816485693195896      0.027343248459208238     299.85001252335127       300.08886332699154       300.080824680693         299.16414357813966       275.9318064590853        276.1388048412952        276.18238528872274
0.002463691106959174      0.027611359435455198     299.8500125228456        300.1055923474132        300.09698435366676       299.45334896799346       275.9158166789178        276.13788731407476       276.18464297579914
9.36296419624977E-19      0.029191681783922042     299.850012522838         300.1030920034613        300.0945786742331        299.42018473778245       275.91840019801316       276.13806038671265       276.18430934522456
0.018962617311583507      0.029698604037392207     299.8500125224827        300.0877210400374        300.07973204562245       299.15204313724274       275.93307562785          276.1389003245422        276.1822348695095
0.0025230775861377302     0.030852918440008606     299.85001252284405       300.09978804762335       300.09139670014457       299.3732673844282        275.9217527104625        276.1382776871099        276.18386727065354
1.0403293551388633E-18    0.0324352019821356       299.8500125228418        300.0969860907207        300.0886986873465        299.332952240426         275.9245939956455        276.1384616070963        276.1834924021759
0.01692216326545375       0.03184941441538241      299.85001252288015       300.0866215221659        300.0786800689887        299.1404398706422        275.9342951135374        276.138991839782         276.1820900217836
0.002466729061083537      0.03411586248701418      299.8500125228574        300.0933278268001        300.08517316113324       299.2766455238907        275.92823698703893       276.13868936127614       276.18300170100514
1.1443622906527496E-18    0.035678722180349155     299.8500125228561        300.0902456662364        300.0822030471106        299.22812970106844       275.93129622506825       276.1388793662922        276.1825881669087
0.01467170273258789       0.033821658089951474     299.85001252245826       300.0855268589749        300.077632023831         299.1283201516026        275.9354973164996        276.13908074706427       276.18194556363136
0.0022406506742499036     0.03728819830451462      299.8500125228914        300.086464204685         300.0785564949852        299.16449914907          275.9349831574106        276.1391001459196        276.18207959198566
1.2483923302385193E-18    0.038922152089835474     299.8500125228256        300.08287334922073       300.0750935128526        299.1020589109191        275.938461778587         276.1393056067651        276.18159631873215
0.012241273097378878      0.035558651264310834     299.8500125227574        300.08448106936345       300.07663010735814       299.11634512499063       275.9366353984554        276.13916375404466       276.1818073314516
0.0020349791583139966     0.039809428563227486     299.8500125227951        300.08058011095073       300.07288065406453       299.0598723330703        275.9406486274557        276.13943036828454       276.18128705487374
0.00964303423619605       0.036977182470070764     299.85001252252823       300.0836308032903        300.07581553778306       299.10672036475177       275.93756233259995       276.13923154531676       276.1816949686377
0.006919328590838812      0.03811358305345115      299.85001252257183       300.0828448113579        300.0750615981861        299.0969460097765        275.9384015194333        276.1392909352821        276.1815907429318
0.004224686910261684      0.03928905293042273      299.8500125232494        300.0812818533032        300.0735565292064        299.0715068030267        275.939954441883         276.13938755548764       276.18138119518204
0.009840222589837223      -0.03422625230426263     299.8500125227501        300.08944820321267       300.08142421416323       299.20589817784844       275.93189202263443       276.1388922369988        276.18247723643526
0.012111914222260746      -0.0327287242024553      299.8500125229038        300.0905026493713        300.0824352504569        299.218536097995         275.9307576073415        276.13881096390736       276.18261689292194
0.007285005202213272      -0.03516799096709937     299.8500125229077        300.0892147011864        300.08120367815695       299.20622976731374       275.93220641503467       276.1389219488101        276.1824475814965
0.004732233352264092      -0.0359748056741219      299.85001252280085       300.08869821379295       300.0807088740575        299.2004960004306        275.93277073439157       276.13896336497334       276.18237934447194
0.008129837510047493      -0.0328762590709178      299.8500125228121        300.0934484393301        300.08528273861907       299.27298445887857       275.92799839717094       276.13865989171944       276.18301544936907
0.009872666164304508      -0.031689437948471205    299.85001252283024       300.09452600496274       300.08631740677623       299.2867652418665        275.9268615507344        276.138580988151         276.1831586535937
0.014178294004478424      -0.030928154244593033    299.8500125229191        300.0918178479888        300.0836966271254        299.2346090685033        275.9293490722257        276.1387107810785        276.1827912114747
0.011692902006392107      -0.030041901400926305    299.8500125228239        300.09605381916316       300.08778453153985       299.3063370970224        275.9252512656551        276.1384694060944        276.1833617319335
0.01606628615240724       -0.028971986608672524    299.85001252278084       300.0931016089907        300.08492689391727       299.2494496918907        275.927956983621         276.138609801527         276.1829610108504
0.017848943176709292      -0.026843941577219102    299.85001252287196       300.0943018579018        300.08607582783316       299.2625395075331        275.9266352295596        276.13851164852144       276.18311932913934
0.01950555568838604       -0.02459161631613611     299.85001252297565       300.0953576263203        300.087084978795         299.27298029871787       275.9254480846439        276.1384207762108        276.1832580743212
0.0055013816359898065     -0.03268054612253256     299.85001252286673       300.09528102138216       300.08705252121916       299.30460610543565       275.926243063687         276.138558703924         276.18326266299505
0.007638092460996388      -0.030428509215959767    299.85001252285196       300.09849193607437       300.09014212175157       299.34985754941886       275.92295790283396       276.13834254520674       276.1836915762606
0.009720198355541375      -0.02953133663185687     299.85001252287447       300.09868190937016       300.0903206453747        299.3493859474084        275.9226918882268        276.1383164795037        276.18371545254774
0.013409951481030299      -0.028246140883212787    299.8500125228429        300.0975192044459        300.08919057772613       299.3243842079146        275.9236889325103        276.1383590773618        276.183556130357
0.010877017218378075      -0.02773414799400267     299.85001252285724       300.10086948870435       300.0924238163015        299.37855479460274       275.92042022806436       276.1381629932539        276.1840069977234
0.015067153680854898      -0.026233285001382788    299.85001252289857       300.09897461295054       300.0905859190464        299.3413972647159        275.9221175110463        276.1382458438465        276.1837487977007
0.016669982706676776      -0.024209062597784086    299.85001252279125       300.1000530498996        300.09161739732923       299.3521186292801        275.9209114850634        276.1381542292704        276.18389069360484
0.02098222170671289       -0.022175672999741217    299.85001252278744       300.0964120256683        300.08809257769394       299.2832359498089        275.9242588554817        276.13832935281357       276.18339656000256
0.01819577677568927       -0.02213299295475875     299.85001252282467       300.10085894416085       300.0923859347676        299.35871849586243       275.9199750967191        276.1380792620803        276.1839959722074
0.02225874854989674       -0.019588262453364532    299.85001252290016       300.0975021586011        300.0891347256102        299.2944278375516        275.9230388915966        276.13823661013953       276.18353991837824
0.005266116106258407      -0.02928768920269223     299.85001252284854       300.1018048028802        300.0933358804504        299.39986326482153       275.91965700780565       276.13813591252256       276.1841360609803
0.008127103769826916      -0.027571804944448528    299.85001252283297       300.10324616090924       300.0947182861465        299.41627364717596       275.9181003530303        276.1380236719087        276.1843269304281
0.012507166940497026      -0.025585711919295158    299.85001252282655       300.10284010195204       300.0943154576569        299.4024730139353        275.9183226617625        276.1380152348535        276.1842685696747
0.010106917624549835      -0.025668851124437793    299.85001252285286       300.10489305355435       300.0962982561551        299.43542503837284       275.91633000656196       276.13789696006273       276.1845451836726
0.013900591627808758      -0.02354286642211305     299.85001252284206       300.1044316160159        300.0958417557467        299.4209266581992        275.9166067508761        276.1378918485322        276.18447934694274
0.01557627888967206       -0.02175453162516076     299.85001252287196       300.10492531319323       300.0963098050244        299.423166499698         275.9159895572183        276.137837851803         276.1845429085545
0.019434368168003698      -0.01970272668615151     299.8500125228504        300.1020986987394        300.0935723677604        299.37187925226954       275.9186035384583        276.1379767045221        276.18415937676673
0.01709807669418708       -0.020123719124099847    299.8500125228514        300.10501747548636       300.09639143154675       299.41977345801814       275.91578299924464       276.13781086108423       276.1845528232265
0.02331911707653342       -0.017016284055275544    299.85001252283195       300.09844372196125       300.09003436418976       299.303709744796         275.92197720321525       276.13815502917623       276.1836635710894
0.020383585455238485      -0.01731744472597997     299.8500125228545        300.1032847456302        300.0947078865613        299.384836238104         275.91729969213435       276.13788012591885       276.1843158747324
0.005352199143804534      -0.026003977109337467    299.85001252284724       300.1073203708729        300.09864379427404       299.47394161630467       275.91397837976007       276.1377579089282        276.18487244592956
0.007929185479259783      -0.024348123332852956    299.85001252284655       300.1084950890999        300.09976882046334       299.48599459475554       275.9126810821201        276.137661114406         276.1850274147157
0.01086587955405069       -0.022943108300329983    299.8500125228499        300.1083088054659        300.09958160682453       299.4787148076012        275.9127524395183        276.13765157980373       276.1849999257704
0.024247682333488493      -0.01430611364218126     299.85001252295496       300.0992702233971        300.09082357260917       299.3116738833324        275.9210387742562        276.1380822231734        276.1837719642453
0.013094216242469404      -0.020807546571505586    299.8500125228405        300.1090227587408        300.1002602120625        299.4829168892431        275.91188569048063       276.137578256443         276.1850924104544
0.015094380908965385      -0.019221751052744655    299.85001252284474       300.10869968054516       300.0999412216897        299.4737930074534        275.9120965963102        276.1375778700819        276.1850466239621
0.017354637683831102      -0.01766243137882171     299.85001252283854       300.10751213839256       300.09878880233106       299.45187419669145       275.91317109822825       276.13763184561407       276.1848848774132
0.02135562079165558       -0.014791593182780553    299.8500125228454        300.1041395937818        300.0955241691444        299.39277784995716       275.91632612623675       276.13780426057014       276.18442794661036
0.018579020461510363      -0.015143370599485945    299.8500125228459        300.1082763051135        300.0995168046829        299.45776976582783       275.9122731720442        276.1375588995788        276.1849844768836
0.02500872206865787       -0.011539215377211065    299.8500125229566        300.09995611241357       300.0914781785457        299.3180652694964        275.9202548124477        276.1380208453566        276.18386180460317
0.005274600612686743      -0.022749867298006442    299.8500125228474        300.11221074526225       300.103346712569         299.5352234714938        275.90886546356245       276.13740821366986       276.1855238946792
0.007848405482230661      -0.02115113077748437     299.85001252284655       300.1130018854135        300.10410182740975       299.54172232303705       275.90795238411624       276.13733571680126       276.1856274105803
0.010444731316382365      -0.01950979407122543     299.8500125228486        300.1131358751066        300.104223175624         299.53928486830984       275.9077034142283        276.13730598003804       276.1856428512983
0.022135248878969425      -0.01221002148188695     299.8500125228486        300.1049139626109        300.0962637669963        299.4001309577324        275.9154474145264        276.13773613096896       276.184529531125
0.012683435157937172      -0.01787322795745967     299.8500125228484        300.11292798725844       300.10401521410495       299.53215948103383       275.90780269092346       276.1372989919055        276.1856125593515
0.014824448189756475      -0.017068222329865292    299.8500125228493        300.11142050785537       300.10255753451446       299.50866415117065       275.90925968891224       276.1373847598052        276.1854091420922
0.01597323125425712       -0.015182068006270947    299.8500125228492        300.11186264465226       300.10297682292645       299.51093651005044       275.90871136818896       276.1373372185635        276.1854661399284
0.01941675764472707       -0.012697566035014835    299.850012522832         300.1090846671998        300.1002888413478        299.4652360135169        275.9113534656495        276.1374873163276        276.1850904847851
0.017017608599206837      -0.013136385521755547    299.8500125228465        300.1122536870464        300.1033470236971        299.51253736903703       275.9082164876261        276.1372933351186        276.1855163378241
0.022747233983329455      -0.00960012005498097     299.85001252283496       300.10555574294995       300.0968766486712        299.40620885374574       275.91471829533026       276.1376795088233        276.1846137003931
0.025595657083008382      -0.008721097890829527    299.85001252292017       300.1005134471625        300.0920100487784        299.32324420978415       275.91961727912707       276.13797087893937       276.1839347939567
0.005235978268050911      -0.01952077272390805     299.8500125228459        300.11641055719497       300.10738237871004       299.58452331888105       275.9044109031238        276.13709601976666       276.186082101698
0.007824431540938934      -0.01792880171548417     299.8500125228459        300.1168779863397        300.10782575314994       299.5869356968414        275.9038325989422        276.13704599452313       276.18614239136355
0.010354545198345829      -0.01634599562624565     299.8500125228457        300.11669065088336       300.10763816381336       299.58085249026885       275.90392471362884       276.13704019977854       276.1861151058575
0.020019070907834977      -0.010319897763708298    299.85001252284127       300.10980853676665       300.1009807113401        299.47224497899055       275.91053799123955       276.1374247140365        276.1851855878792
0.013036644847531281      -0.014809581731489475    299.85001252284536       300.1156339801816        300.1066130276004        299.56320801949556       275.90490496433654       276.13709275325533       276.18597154353137
0.015027027743706655      -0.013272416476207714    299.85001252284684       300.11471047701565       300.1057169757351        299.54761785940894       275.9057586762398        276.1371381266344        276.1858460197952
0.017462905905780906      -0.010837690033564112    299.8500125228463        300.1133272098675        300.1043757193085        299.52418526361186       275.9070434865514        276.1372072032545        276.18565819882133
0.015638508968571656      -0.011692470730216275    299.8500125228481        300.1151664301976        300.1061517816143        299.55135316544414       275.9052292548495        276.13709576398685       276.18590558701374
0.023203012064669567      -0.006923625869072167    299.85001252286764       300.1060707082095        300.09736849326055       299.4111874738182        275.91413494377133       276.1376343902394        276.1846812692083
0.020496860629286115      -0.007877647327856242    299.85001252283087       300.11039392881344       300.1015400869985        299.47782660022943       275.9098764271155        276.13737370100444       276.185262452034
0.026021132116573545      -0.00585643962090638     299.8500125229394        300.1009118397378        300.0923900583332        299.32685916320696       275.9191589937681        276.1379346888832        276.1839869108517
0.005228584456475775      -0.016297061543499507    299.85001252284655       300.1199558667076        300.1107867721184        299.62407950513165       275.9006085268838        276.1368246257553        276.1865524572656
0.007834344524148062      -0.014748055550542009    299.8500125228466        300.1200612887026        300.11088198318265       299.6222800138419        275.90041230920605       276.13680116919045       276.18656456786897
0.010498079869729629      -0.013130855397439063    299.8500125228468        300.11947901983604       300.1103146604192        299.61182967553935       275.9009244068911        276.1368249601964        276.18648477551955
0.017848961433423897      -0.00869398687304639     299.85001252284957       300.114064047344         300.1050811301259        299.5318262519884        275.90622891570246       276.1371463348594        276.18575535849686
0.013307272125451857      -0.01154760202682969     299.8500125228466        300.1179862078481        300.1088702581837        299.5894493947109        275.90237004656115       276.1369104850182        276.1862832602448
0.015306681986313844      -0.009678591167023964    299.85001252284565       300.11690121653896       300.1078190690551        299.57227848025923       275.9033988504215        276.13696858860044       276.1861363286207
0.023512955099812705      -0.004181545711634098    299.8500125228229        300.10642311540863       300.09770496948505       299.41443579622404       275.9137331341492        276.1376030305971        276.1847274599761
0.02081317654225712       -0.005291012455266278    299.85001252283206       300.11091401791504       300.1020376064701        299.4831732356913        275.9092976141285        276.1373300353637        276.1853309305027
0.018340070122052878      -0.006433027599547055    299.85001252284997       300.1143991196213        300.1053999149154        299.534160884881         275.9058289617017        276.13711319133193       276.185798893067
0.026279968668401085      -0.0029552668477341175   299.85001252298565       300.10115209856934       300.0926191784347        299.32905866511305       275.9188823447657        276.13791281529507       276.18401833079855
0.023695168028754713      -0.0014194224424730522   299.85001252282103       300.1065520728519        300.09782762032114       299.4153945435255        275.9135794331562        276.13759032447          276.18474421311845
0.00523859033056117       -0.013068645569300576    299.8500125228465        300.12286266138113       300.1135760507149        299.65490820878864       275.8974573877085        276.13659583035036       276.18693740122427
0.007899632039224488      -0.011466083225421976    299.8500125228465        300.1226621283911        300.1133773529472        299.6498616698564        275.8975902622976        276.1365959869751        276.1869089189941
0.010577321599319718      -0.009825849310463673    299.85001252284655       300.1217422174959        300.1124859703231        299.63604612019384       275.89847025100426       276.1366467177286        276.1867844293444
0.015815606065534452      -0.007256719071425658    299.8500125228445        300.117523413938         300.10841355906297       299.5779024184514        275.90269207770115       276.13691367314004       276.1862179701199
0.01306696686835149       -0.008421003256902749    299.8500125228459        300.1201591062984        300.11095662495524       299.61392248525675       275.9000414846477        276.13674450214484       276.18657154261444
0.016444427310717175      -0.005203117532649553    299.8500125228456        300.11749280695227       300.10838071624124       299.5757711758217        275.90267596546613       276.1369069669235        276.1862128171403
0.021032156099241996      -0.0026215575008998715   299.8500125228338        300.11119394560524       300.10230502227114       299.48583696828433       275.9089806083411        276.1373055212109        276.1853676683186
0.018284780829060307      -0.0037050643706360723   299.8500125228472        300.1153300602801        300.10629401233206       299.5453041575093        275.90484062548325       276.13704383135246       276.1859225561029
0.021196477538049555      -2.114823656936026E-5    299.8500125228539        300.11112580957484       300.10223848459003       299.48436743896303       275.909036342101         276.13730752627083       276.18535825600975
0.02638150840382114       -4.345705506822998E-5    299.85001252280887       300.1012050842403        300.09266934221364       299.32915956104625       275.9188142656178        276.1379066810511        276.18402511881044
0.02373235037999703       0.0013291633704882262    299.8500125228102        300.10648875775945       300.0977665240189        299.41440706127014       275.9136416443834        276.1375941130391        276.18473569917046
0.005283793390950531      -0.009808264872423996    299.8500125228465        300.12513520198075       300.1157555624313        299.6782281539918        275.89497618720515       276.1364136592849        276.18723796934773
0.007976507213943992      -0.008190730360459721    299.8500125228465        300.12459143617156       300.11522748287575       299.6697120016727        275.8954827842926        276.13644115119496       276.1871640518127
0.010736355466269212      -0.006609894394117706    299.85001252284655       300.12322997477355       300.11391240358074       299.6514292636967        275.8968436299828        276.1365270653632        276.18698111768185
0.013886388462266017      -0.0051108894702459546   299.8500125228466        300.1206460103313        300.11141988910464       299.61736633249956       275.89946156476344       276.1366965604147        276.18663482455844
0.015895291074672226      -0.0035098871513930237   299.8500125228472        300.118661054544         300.1095049021925        299.59044948573865       275.90146172228293       276.13682471147          276.18636862700725
0.018689680448224756      -0.0011126567200692443   299.8500125228486        300.11511117414443       300.1060814035272        299.54142157199453       275.90503881671515       276.1370538195242        276.18589272020677
0.016705222520427204      -0.0019225108866213275   299.8500125228465        300.117863000128         300.10873451060166       299.57918872876866       275.9022569898015        276.1368745791952        276.18626142349547
0.018838497798172933      0.0011643073749024093    299.8500125228457        300.11488281247154       300.1058612367387        299.5381927007759        275.9052686125612        276.13706849469685       276.1858621093758
0.021182486173779585      0.002538387781836414     299.8500125228639        300.11095179392936       300.10207146048106       299.4822963242604        275.90922209211385       276.1373206738453        276.18533516709243
0.026314586602173996      0.002865216135708563     299.8500125229047        300.10109500386744       300.0925640270409        299.3279997926459        275.91893627486365       276.1379158273464        276.18401061677736
0.02359327732832547       0.00406517482309107      299.85001252277135       300.1063004212701        300.09758650964085       299.4124348413625        275.9138522113574        276.1376100982261        276.18471093322756
0.00533479445592841       -0.006541322255778404    299.8500125228465        300.12675552750267       300.11730874210866       299.6943088674381        275.89319474979646       276.13628146210164       276.1874520064666
0.008072889974205128      -0.00492939892885885     299.8500125228465        300.1258446618933        300.1164286454041        299.6821898002905        275.89410424460544       276.1363387852143        276.18732957094386
0.010977038440493773      -0.0032972521161208326   299.8500125228465        300.12402838054254       300.1146770072684        299.6591889125341        275.89595789429586       276.1364604770188        276.1870863860893
0.014141291522424394      -0.0016651295073866318   299.8500125228465        300.12107589821943       300.1118309923549        299.6213888471638        275.89897793928753       276.1366594780395        276.18669134056177
0.01639072097009227       1.3116137324997382E-4    299.85001252284565       300.1183950900838        300.10924690239904       299.58607532494716       275.9017093275225        276.1368381086665        276.18633250750526
0.01683558256482274       0.002264534025141965     299.85001252284957       300.11764293879054       300.10852259323997       299.5764089388941        275.9024842655082        276.1368898074528        276.18623203464637
0.018697004524256027      0.0035973694868667206    299.8500125228454        300.11474067097794       300.10572567182516       299.53700299844235       275.90543323319974       276.13708162128927       276.1858435318364
0.020944923008047293      0.005117073294621016     299.85001252286384       300.1107482503858        300.10187753075365       299.48066707676776       275.90946040189647       276.13733994189255       276.1853086238225
0.02607033499927276       0.005759019695131578     299.8500125229591        300.10084355373124       300.0923240686234        299.32565836149314       275.91922381024847       276.1379383516938        276.1839776856228
0.02328249868580964       0.00678365688141138      299.85001252282376       300.10598100480297       300.0972817385969        299.40961050763667       275.9142194854658        276.13763909112237       276.1846691339351
0.00538626615434581       -0.0032671837505757217   299.8500125228465        300.1277209456721        300.11823387260324       299.7037273272835        275.8921293900182        276.13620195863945       276.18757944506
0.008154970867982107      -0.0016257705088737688   299.8500125228465        300.1264569418545        300.11701529010037       299.68819862492546       275.8934281951445        276.1362883004468        276.18741037819586
0.011043868679474718      7.536668759509203E-5     299.85001252284655       300.1243031581989        300.114940225475         299.6619324986213        275.8956544966386        276.13643782781855       276.1871226435969
0.014098289273857518      0.0019781739982974093    299.85001252284536       300.1210897918254        300.1118445012444        299.62156518527803       275.89896467021845       276.1366587126494        276.18669322689215
0.016063889174887713      0.004455878311840624     299.8500125228466        300.11821255105156       300.1090735995058        299.585001872756         275.9019323663797        276.13685712103324       276.18630890593363
0.0183166484258259        0.006044036132857898     299.85001252284565       300.1145827443527        300.10557634265314       299.53636369520535       275.9056346510397        276.1370996268436        276.18582330253776
0.020575067859835348      0.007675846896163349     299.8500125228477        300.11036105430435       300.1015080063592        299.47717815627834       275.90990418035403       276.1373748284437        276.1852579252024
0.025650687570373875      0.008623738653502747     299.85001252276993       300.1004518464172        300.0919504188796        299.3220089800879        275.91967336959357       276.1379737407742        276.1839264271123
0.0228197125930544        0.00946355888578738      299.85001252283797       300.10550280845206       300.0968252989706        299.4052037912645        275.91476601392174       276.1376818817625        276.1846064906028
0.020109958121832333      0.010163533142181946     299.8500125228345        300.1097600993826        300.10093362352194       299.4713151585238        275.9105807091228        276.13742671150544       276.18517896520103
0.005390852568771278      5.894968040385151E-6     299.8500125228465        300.1280473107359        300.11854658578          299.7068857582528        275.8917687320154        276.1361749861498        276.1876225155019
0.008093680467106696      0.0016667392266130983    299.8500125228465        300.1264929233673        300.1170499714571        299.6886444873719        275.8933912033835        276.1362858396285        276.18741518972826
0.010797941504983805      0.0033954390330412777    299.85001252284655       300.1241652833244        300.11480900433713       299.66093961963634       275.895818093275         276.1364512915215        276.18710471091345
0.013332974412489783      0.005215143137309322     299.8500125228467        300.12121955192583       300.1119727959576        299.62487167653944       275.8988770926487        276.13665831869025       276.18671160041043
0.015653979415030106      0.006934006310846534     299.8500125228456        300.1178688999725        300.1087459844355        299.58217806484276       275.9023319766265        276.1368891580784        276.18626403040395
0.017958643224172146      0.008485166049423117     299.85001252284997       300.11401616792494       300.10503449661525       299.53089767548386       275.9062703184709        276.13714815785903       276.1857487899421
0.01757007161265135       0.010702929743164596     299.85001252284906       300.11326522867233       300.10431559605263       299.52312672040716       275.907100747876         276.13721024118036       276.1856497757444
0.025059816883607394      0.01144689518224336      299.8500125229696        300.099918370317         300.091441540896         299.3172890740644        275.9202879201658        276.1380223669421        276.1838566485558
0.022205448454356336      0.012086650610085075     299.8500125228247        300.1048807435372        300.09623138547613       299.3993732297406        275.9154746263527        276.13773711364047       276.1845249500991
0.019527680920284687      0.012567933495875537     299.85001252283496       300.1090113748232        300.1002177659211        299.46393253692963       275.91142073089935       276.13749082409043       276.1850805211088
0.005346310971390157      0.0032641807453588872    299.8500125228465        300.1277388344633        300.1182510970047        299.70393248834375       275.892110667515         276.1362006731563        276.1875818304745
0.007985999476720046      0.004917880300635863     299.8500125228465        300.12590436708047       300.1164861525074        299.6829152227219        275.8940423613028        276.1363346095458        276.18733754298614
0.010563713360826682      0.006580980880651716     299.8500125228463        300.12338984327016       300.11406638543684       299.65336542718956       275.89667782751707       276.1365158665103        276.1870024623947
0.012946063161259111      0.008131551343126629     299.8500125228466        300.12043292205544       300.1112199234415        299.61724544882253       275.89975399872554       276.13672468585054       276.1866079988394
0.015394923110989084      0.009427890822434611     299.8500125228449        300.11693934199843       300.1078551590681        299.5723611294736        275.9033497611665        276.13696415070893       276.1861412110771
0.015715158288925828      0.011532273946524951     299.8500125228456        300.11518394698146       300.1061681971208        299.55128161263536       275.9052040700389        276.13709323878805       276.1859077739847
0.017079048235236174      0.013006891684827144     299.85001252284655       300.11227326370476       300.1033655125059        299.51262566991505       275.9081914374822        276.1372910881603        276.18551884154925
0.02429034851957403       0.014217422194927672     299.85001252285997       300.09926449872825       300.0908177711583        299.3113307173416        275.921039304204         276.13808162127975       276.18377109099157
0.02140361448333195       0.014648336024157403     299.85001252282706       300.1041864120664        300.09556888694993       299.3932145733713        275.91627292317474       276.1378001266418        276.18443408759595
0.018643935717408158      0.014935668488823784     299.8500125228456        300.1083707301796        300.0996071886074        299.45875816762486       275.9121687511731        276.137551094439         276.18499692557475
0.0053055160889685605     0.006509764883111676     299.8500125228465        300.1267807554807        300.11733297924906       299.69457693087503       275.89316766207776       276.13627952305075       276.1874553545558
0.007922757660607621      0.008141525836927937     299.85001252284655       300.124650566557         300.1152843442396        299.6703990663152        275.8954203851045        276.1364368108788        276.18717192055215
0.010544322214138686      0.009764981283309063     299.8500125228463        300.12180695940333       300.11254818948123       299.6367636959785        275.89840120661574       276.1366418313443        276.18679303028756
0.013360078613576767      0.011367177818514231     299.8500125228472        300.1180564659198        300.10893745781317       299.59013718416435       275.90229142798466       276.13690450401015       276.18629250395594
0.015110325790812295      0.013171586200748162     299.85001252284485       300.1146912900495        300.10569813965867       299.5471084929025        275.905772467098         276.137138337626         276.18584333123266
0.015871251280546037      0.015048634421592051     299.8500125228489        300.1121170579799        300.10322176602835       299.51433066978467       275.9084501508341        276.13731990829297       276.18550013002
0.02333200894490416       0.016921695617214565     299.8500125229304        300.0985179725067        300.0901057227431        299.3047870235496        275.92190075111495       276.1381499423159        276.18367347209545
0.020402879228234055      0.01713945163938446      299.8500125228647        300.1034410814863        300.0948581213043        299.386940765622         275.9171369951154        276.13786909214855       276.1843366966768
0.017573633232028638      0.017197512989423815     299.8500125228383        300.10770131444406       300.0989695280721        299.4536504133175        275.9129566008683        276.13761522872113       276.1849097020631
0.005279138576817753      0.009747784923862819     299.8500125228465        300.12517353644284       300.1157923275198        299.6786112050265        275.89493422012134       276.13641056434676       276.18724303796415
0.007910170846293153      0.011376796144856031     299.8500125228465        300.1227180599944        300.1134309890158        299.65045634690165       275.8975293741068        276.13659153800313       276.1869163181828
0.01056306539449766       0.012991873854596103     299.85001252284655       300.11953536503546       300.11036851467446       299.6123170091944        275.90086030108984       276.1368199662629        276.18649216977815
0.013228410568082064      0.01455403208242312      299.8500125228458        300.11566148907076       300.1066386343355        299.5631268049944        275.90486436138684       276.1370885955294        276.1859749421034
0.014818558129003092      0.01702134679675109      299.8500125228483        300.11147661454083       300.10261144027123       299.5092946013008        275.90919980790176       276.1373805192979        276.1854165933501
0.022192281404115485      0.01954893330773335      299.8500125229409        300.0976680740328        300.08929474112045       299.2971610579552        275.92287667037004       276.13822683625403       276.18356222894454
0.016450779353201873      0.019471577400290183     299.85001252285116       300.10668212062234       300.09799527641076       299.4439125297786        275.9141054075262        276.1377034938295        276.1847757931592
0.019251179240642975      0.019565821477536705     299.8500125228368        300.10254841953605       300.09400589318125       299.3787580523142        275.9181563365549        276.13794881698027       276.1842197241258
0.005265118076381799      0.012991611160718938     299.8500125228465        300.1229131152186        300.1136243951971        299.65540191743906       275.8974016620984        276.1365916673476        276.1869440601519
0.007891471844995154      0.014627523733800841     299.8500125228466        300.1201337945268        300.1109514319523        299.6230238896867        275.9003323936306        276.13679522068736       276.1865741361862
0.010445196208422396      0.01626212381222553      299.85001252284593       300.1166987182187        300.10764556642425       299.58072998103756       275.90391080654877       276.137038607937         276.1861160622159
0.012618548048606671      0.017367776863743946     299.8500125228476        300.11354034180295       300.10460379791795       299.5396635846701        275.90715824331716       276.13725441526736       276.1856940370089
0.013822510913790066      0.019435853952700772     299.85001252284655       300.10992567100584       300.1011252714906        299.492602086799         275.91089637881095       276.1375053103402        276.185211670505
0.020890289985323884      0.02209507019741749      299.85001252294563       300.0966760622623        300.08834721697326       299.2877034627617        275.9240016795656        276.1383139835361        276.18343207721676
0.01525487176780642       0.021677340762326906     299.85001252285286       300.10542662958665       300.0967933385516        299.4307046751926        275.9154918054482        276.1378068988681        276.1846102237369
0.01798392283594001       0.021931588423001785     299.85001252283564       300.10143890651767       300.0929449467257        299.3676467375971        275.9193983946509        276.1380433038767        276.18407378852345
0.005257853194767104      0.016247946712900346     299.8500125228465        300.11999256120816       300.1108219485632        299.6244606083648        275.9005683690812        276.1368216676656        276.18655730721457
0.007915480407369073      0.017903032129911622     299.8500125228465        300.11684862484344       300.1077973118027        299.5864794663946        275.9038605941092        276.1370475947569        276.18613841790426
0.010778064423735724      0.019565527674619235     299.85001252284746       300.1127843930946        300.1038843271762        299.5344524132642        275.90805901437034       276.137328918514         276.1855957649249
0.012913175014031645      0.021555547769288315     299.8500125228432        300.10824138308243       300.09950963030286       299.4733924461071        275.9127125410077        276.13763595904487       276.1849885625344
0.01944269468759918       0.024550960658798988     299.85001252277476       300.09551708124303       300.0872387607787        299.2755415222325        275.9252916503198        276.1384112839739        276.18327950851284
0.013748949220952014      0.023848524532855988     299.8500125228602        300.1041567959128        300.0955779665119        299.41767368669207       275.9169002983378        276.1379126452132        276.1844428842823
0.0166105055379301        0.024226182329475817     299.85001252282524       300.1001072300278        300.0916698104072        299.3531378811965        275.9208612680113        276.1381515477396        276.1838980363096
0.005234581582702354      0.019512961022677272     299.8500125228459        300.11642050077535       300.1073919325608        299.58464752590794       275.90440043603303       276.1370952951863        276.1860834242306
0.00788766803831027       0.02120622195367408      299.8500125228466        300.11290549108975       300.10400909661365       299.54052703699404       275.9080530457846        276.13734258849667       276.1856145642568
0.010664302857029658      0.023153401460195976     299.8500125228483        300.1081866050957        300.0994647086006        299.477477141988         275.9128886593753        276.1376618822035        276.1849838388696
0.017867462202648968      0.026897452412229402     299.8500125229404        300.094187384534         300.0859655231113        299.2607450891274        275.9267489107403        276.13851871635114       276.1831039719481
0.012317193360704365      0.025960464726281923     299.85001252284474       300.1024387809673        300.0939298910907        299.397459294277         275.9187454053045        276.13804450598667       276.18421519893485
0.015017757205735076      0.02633875599911709      299.85001252280904       300.09886483453766       300.09048040519065       299.3397760949367        275.9222301884428        276.13825329916745       276.1837341528887
0.00514540787968878       0.022748435139555403     299.8500125228474        300.1122669154381        300.103400925399         299.536043243017         275.90880968021247       276.13740474144083       276.1855314412996
0.007611079623574685      0.024375398069541435     299.85001252284377       300.10865333825865       300.0999217271573        299.48842000666355       275.9125266745589        276.13765184429394       276.1850487345658
0.009732379918655231      0.026188689789723968     299.85001252284906       300.1043671815332        300.09579327798923       299.429006430901         275.9168878687578        276.13793604435614       276.1844753331795
0.011415670459112518      0.02783859722870285      299.85001252285576       300.1002090437426        300.09178650634504       299.3680770715136        275.9210673809633        276.1382021664328        276.183918162994
0.01608667065399813       0.028924361568465996     299.85001252289544       300.0931595416434        300.0849826457177        299.25043433033926       275.9278993658638        276.1386062096863        276.18296877291573
0.013460825236377177      0.028159342286413907     299.8500125228559        300.0976138869574        300.08928157751046       299.32562177824343       275.92359014928724       276.1383523487354        276.1835687389921
0.005016689935580306      0.02593251996541115      299.8500125228447        300.1075739172383        300.0988881904934        299.47749796285734       275.9137223345042        276.13774145465317       276.18490641392594
0.007411636316365454      0.027368354497019978     299.8500125228448        300.1040352242347        300.09547918596326       299.4280354811718        275.9173141257625        276.13797444411733       276.184432824243
0.009613398824321155      0.028737980218711493     299.8500125228584        300.10017785110807       300.0917612693202        299.371088188982         275.92117853951635       276.13821894847575       276.1839156622628
0.011750732917145951      0.030000785194727517     299.85001252281296       300.0960747505715        300.0878045248048        299.3065261832007        275.9252274044292        276.13846754342825       276.18336447652285
0.014153695383083371      0.030852224315616714     299.8500125229229        300.09198910949          300.08386169889104       299.2373707488032        275.9291801118943        276.138700413444         276.18281420802396
0.004931536599751011      0.029146599826336397     299.85001252284843       300.10219402063746       300.09371104146334       299.40563534362076       275.91926747996604       276.1381113155581        276.18418825102003
0.007513566636590133      0.03028400378894108      299.8500125228547        300.0988357979095        300.09047352139265       299.35510069179077       275.9226150276309        276.138321051163         276.1837376959868
0.009877425438926652      0.03148248891724423      299.8500125228383        300.09492142449767       300.08669834576364       299.2928344872714        275.9264664643661        276.13855612649536       276.18321165872834
0.01209530512867716       0.03263553956244092      299.8500125229412        300.0907047243317        300.08263004344485       299.22190124183294       275.930559470288         276.13879895902295       276.1826440462624
0.005367074129065786      0.03259925031938753      299.85001252286025       300.0955017911239        300.08726536603984       299.3080110734746        275.9260240684587        276.1385451161552        276.18329229810206
0.008115062866677323      0.03272985334128607      299.8500125228214        300.093751312095         300.08557457974206       299.2776728922287        275.9276967578434        276.13864103031085       276.18305606944017
0.009877001202940218      0.03409742959279473      299.8500125229231        300.0896876608133        300.08165495151314       299.20978106494476       275.9316552110441        276.13887763687876       276.1825093743965
0.004721878317351182      0.035935745471630476     299.8500125229284        300.088787776539         300.0807952424973        299.2020272624391        275.9326835562169        276.138958162787         276.1823913920559
0.007297667835869588      0.035129768880495876     299.85001252294          300.08928917504795       300.0812754681474        299.20750027592857       275.93213358765183       276.13891756086986       276.1824575914336
